sampleDEM.asc
ncols         391
nrows         472
xllcorner     271845
yllcorner     3875415
cellsize      30
NODATA_value  -9999
[rows 200 to 239 of 472, columns 270 to 359 of 391]
677 679 677 674 671 671 672 675 677 679 681 684 687 687 685 682 680 680 683 688 693 696 698 701 707 714 722 731 738 745 751 755 756 754 748 739 728 716 705 694 685 676 669 663 659 657 655 656 656 657 657 656 654 650 646 643 642 642 642 642 642 642 643 647 652 657 661 665 669 672 675 676 673 669 664 658 652 647 643 640 638 636 634 633 633 633 633 633 633 633
674 676 674 672 670 670 671 673 675 677 679 681 683 684 682 679 677 678 681 685 690 692 695 699 706 715 724 734 743 751 757 760 760 755 747 736 725 713 702 692 682 674 666 660 656 654 653 653 653 653 654 654 653 649 646 643 642 642 642 642 642 642 644 648 653 658 663 668 672 675 677 678 676 673 669 662 655 649 644 640 637 635 634 633 633 633 633 633 633 633
670 671 671 670 670 670 670 671 673 675 678 680 682 682 681 678 676 676 678 682 686 689 694 700 708 717 727 738 748 756 762 763 760 753 744 733 722 710 699 689 680 672 664 658 654 652 650 649 649 649 650 651 651 648 645 642 642 642 642 642 642 642 646 651 656 660 665 670 674 677 679 680 680 678 673 666 658 651 645 640 637 634 633 633 633 633 633 633 633 633
665 666 667 667 668 668 667 668 670 673 676 679 682 683 682 679 676 674 676 679 683 689 696 703 712 722 732 742 752 761 765 764 758 749 739 728 717 706 695 685 677 670 663 657 653 650 648 647 646 646 647 648 648 646 643 642 642 642 642 642 642 645 650 655 659 663 667 671 675 678 681 683 683 682 677 670 661 653 646 640 636 633 633 633 633 633 633 633 633 633
662 662 663 664 664 664 664 664 667 670 674 678 681 683 682 679 675 673 674 678 684 691 699 708 717 727 737 747 756 763 765 761 754 744 732 721 710 700 691 682 675 668 662 657 652 649 647 646 645 644 644 644 644 643 642 642 642 642 642 642 644 648 653 658 663 666 669 672 675 679 682 685 686 684 679 671 663 654 646 640 635 633 633 633 633 633 633 633 633 633
662 661 661 662 662 661 661 662 664 667 672 676 679 681 680 677 673 672 675 680 687 695 703 712 721 731 740 749 757 762 762 756 747 737 725 713 703 694 685 678 672 666 661 656 651 648 646 645 644 643 642 642 642 642 642 642 642 642 642 642 646 651 656 661 665 668 670 673 676 680 684 686 686 684 678 671 662 654 646 639 635 633 633 633 633 633 633 633 633 633
665 663 662 661 660 660 660 660 661 664 668 673 677 678 677 673 671 672 677 684 691 699 707 715 723 732 741 749 755 757 755 749 740 729 717 706 696 687 680 674 669 665 661 655 651 648 646 645 644 642 642 642 642 642 642 642 642 642 642 643 647 652 658 662 666 669 671 675 679 682 684 684 683 681 675 668 660 652 644 638 635 633 633 633 633 633 633 633 633 633
672 668 665 662 660 659 659 659 660 661 665 669 673 675 673 670 670 673 679 686 693 700 707 714 722 730 738 745 749 750 747 741 732 722 710 699 690 682 676 670 666 663 659 654 650 647 645 644 643 642 642 642 642 642 642 642 642 642 642 642 645 651 657 662 667 670 674 678 680 681 681 680 678 676 671 664 657 649 642 637 634 633 633 633 633 633 633 633 633 633
681 675 669 665 661 659 659 658 658 659 662 666 670 671 670 668 669 674 680 686 693 699 705 711 718 726 733 738 741 741 738 732 724 714 704 694 686 679 673 668 664 661 657 653 649 646 644 644 643 642 642 642 642 642 642 642 642 642 642 643 645 650 655 661 666 671 676 679 680 679 677 674 672 669 665 659 653 646 640 636 633 633 633 633 633 633 633 633 633 636
691 683 675 669 664 661 660 658 658 658 660 663 666 667 666 666 668 673 678 684 690 695 701 706 713 720 725 729 731 730 727 722 715 707 698 690 683 678 672 666 662 658 655 651 648 645 644 643 642 642 642 642 642 642 642 642 642 642 644 645 648 651 656 661 666 671 675 678 678 676 673 669 666 663 659 655 649 643 638 634 633 633 633 633 633 633 633 633 633 637
699 690 681 674 669 664 661 659 658 658 658 660 662 663 663 664 667 672 676 681 686 691 696 701 707 713 717 719 720 719 716 711 705 698 691 685 680 675 670 664 659 656 653 649 646 644 643 642 642 642 642 642 642 642 642 642 643 645 647 649 652 655 659 663 667 671 674 676 676 674 670 666 662 658 654 650 645 641 637 633 633 633 633 633 633 633 633 633 634 638
707 697 687 679 673 668 663 660 658 658 658 658 660 661 662 664 667 671 675 679 683 688 692 697 701 706 709 710 710 709 705 701 696 690 685 680 675 671 666 661 657 654 651 648 645 643 642 642 642 642 642 642 643 643 643 644 646 649 651 653 656 660 664 667 670 672 675 676 677 675 671 666 660 655 651 647 643 640 636 633 633 633 633 633 633 633 633 633 636 639
714 704 694 685 678 671 666 662 659 658 658 658 660 661 664 666 668 671 674 677 681 684 689 692 695 698 701 702 701 699 696 692 688 683 679 675 671 667 662 658 654 651 649 647 645 642 642 642 642 642 643 645 647 647 646 647 649 652 655 657 660 664 668 671 674 676 677 679 679 677 673 666 659 653 648 645 642 639 636 634 633 633 633 633 633 633 635 637 639 641
720 710 700 691 683 675 669 664 661 659 658 658 660 662 664 666 668 669 672 675 678 681 684 687 689 691 694 695 694 691 688 684 681 677 673 670 666 663 659 655 652 649 648 646 645 642 642 642 642 643 645 649 651 650 650 651 653 655 658 661 664 668 672 676 679 680 681 681 680 677 672 665 658 652 647 643 640 638 636 635 634 634 633 633 634 636 639 642 643 644
726 717 707 697 688 679 672 666 662 659 657 657 659 661 663 665 666 667 669 673 676 678 681 682 683 685 688 689 688 685 681 678 676 673 669 666 662 659 656 653 650 648 647 646 644 642 642 642 643 645 647 651 653 653 653 654 656 658 661 664 667 672 677 682 684 685 684 682 680 675 670 663 657 651 646 642 639 637 636 634 634 634 633 634 636 639 643 645 647 646
730 722 712 703 693 684 676 669 664 659 656 656 656 658 661 663 664 665 668 671 674 676 678 678 679 681 683 684 682 679 676 674 672 669 667 663 659 656 654 651 649 647 646 645 643 642 642 643 644 646 649 652 655 656 657 657 658 660 663 667 672 677 683 688 690 690 686 682 677 672 666 660 654 649 645 641 639 637 635 634 633 633 634 636 639 641 644 646 648 647
730 723 716 707 698 689 681 674 667 661 657 655 655 656 658 660 661 664 666 669 672 674 675 675 676 678 680 680 677 675 672 670 668 666 664 662 658 655 652 650 648 646 645 643 642 642 642 643 644 646 649 653 657 659 660 660 661 663 666 671 677 683 689 693 695 693 688 681 675 669 663 657 652 647 643 640 638 636 634 633 633 633 634 637 640 641 643 644 645 646
726 722 716 710 702 693 686 679 672 665 660 656 655 655 655 657 659 661 664 667 669 671 671 672 674 676 677 676 674 671 669 666 664 663 661 659 656 653 651 648 646 644 643 642 642 642 642 642 643 645 649 653 657 661 662 663 664 666 670 675 682 688 694 698 699 696 689 682 675 668 662 657 652 647 643 640 638 636 633 633 633 633 636 639 640 640 640 640 641 643
721 718 714 710 705 698 691 684 677 670 664 659 656 655 655 655 656 659 661 664 666 668 668 670 672 674 675 673 671 669 666 663 661 659 657 655 653 651 648 646 644 643 642 642 642 642 642 642 643 645 649 653 657 661 663 665 667 670 675 681 688 694 699 702 702 698 692 685 677 670 664 659 654 648 643 639 636 634 633 633 633 635 639 641 641 639 637 637 638 639
715 713 711 710 708 703 696 689 682 676 670 664 660 657 655 655 655 657 659 661 663 664 665 666 668 670 671 670 668 666 664 661 658 656 654 652 651 649 647 645 643 642 642 642 642 642 642 642 643 646 650 653 657 660 663 666 669 674 680 686 693 700 704 706 705 702 696 689 681 674 668 662 656 650 644 638 634 633 633 633 633 637 641 642 641 638 635 634 635 636
709 708 708 710 710 707 702 695 689 683 677 671 665 660 657 655 655 656 657 658 660 661 661 662 664 666 667 667 666 665 663 659 656 653 651 650 650 649 647 646 644 643 642 642 642 642 643 644 645 648 652 656 659 661 663 666 670 676 682 689 697 704 709 711 710 707 701 693 685 678 671 665 658 651 644 638 633 633 633 633 633 637 640 641 639 636 633 633 633 634
703 703 705 708 710 709 706 701 695 690 684 678 672 665 660 657 655 655 655 655 656 657 658 660 662 664 666 666 665 664 661 658 655 652 650 649 649 648 647 646 645 644 643 642 642 644 646 647 648 651 655 659 661 662 664 667 671 676 683 691 699 707 713 716 716 712 706 698 689 681 674 667 660 652 645 638 633 633 633 633 633 635 637 637 636 634 633 633 633 633
697 698 700 704 708 709 709 705 701 697 692 686 679 671 664 659 655 654 653 653 653 654 656 658 661 663 665 666 665 663 661 658 655 652 650 649 648 647 646 645 644 644 643 642 643 645 648 649 651 653 657 661 663 664 666 669 672 677 684 692 700 709 716 721 721 717 710 701 693 684 676 668 660 652 645 639 634 633 633 633 633 633 634 634 633 633 633 633 633 633
692 693 696 700 704 707 709 707 705 702 699 693 686 678 669 662 657 654 652 651 651 652 654 656 659 661 664 665 665 664 662 659 655 652 650 648 646 645 644 643 643 643 643 643 644 647 649 651 653 655 658 661 663 664 667 670 673 677 684 691 700 710 718 723 724 720 713 704 695 685 676 667 659 651 644 639 635 633 633 633 633 633 633 633 633 633 633 633 633 633
688 690 692 696 700 703 706 707 707 706 703 699 693 685 676 668 661 656 653 651 651 651 652 654 656 659 662 663 664 663 662 659 655 653 650 648 646 644 643 643 643 643 644 644 646 649 652 654 655 656 658 660 662 663 666 669 672 677 683 691 699 709 718 724 725 722 715 706 696 686 676 667 659 651 644 638 634 633 633 633 633 633 633 633 633 633 633 633 633 633
685 687 690 692 695 698 701 703 705 705 704 701 697 691 683 675 667 661 656 653 651 651 651 652 654 656 658 660 660 660 659 657 655 653 650 648 646 644 643 643 643 644 645 646 648 651 654 657 658 658 659 660 661 662 664 667 671 676 682 690 698 707 716 722 725 722 716 708 698 688 678 669 660 651 644 638 634 633 633 633 633 633 633 633 633 633 633 633 633 633
682 685 687 688 690 692 695 697 699 701 701 701 700 697 690 682 675 668 661 656 653 652 651 651 652 653 654 655 655 656 656 655 653 651 649 647 646 644 643 643 643 644 646 648 649 652 656 659 660 661 661 661 661 662 664 667 670 675 681 689 697 705 713 720 723 721 716 709 700 690 680 671 661 653 645 640 636 633 633 633 633 633 633 633 633 633 633 633 633 633
680 682 683 683 685 687 688 690 693 695 698 700 702 702 697 690 683 675 667 660 655 653 652 651 650 650 651 651 652 652 652 651 650 649 648 647 645 644 643 643 643 645 647 648 650 652 655 659 661 662 663 662 662 662 664 667 670 675 681 688 696 704 711 718 720 718 714 708 700 691 682 672 663 654 647 642 638 635 633 633 633 633 633 633 633 633 633 633 633 633
677 678 679 679 680 681 682 684 687 690 695 700 704 706 703 697 690 682 672 664 658 655 653 652 651 650 649 649 649 649 648 648 647 647 647 646 645 644 643 643 643 645 647 649 651 652 654 657 660 662 663 663 663 663 664 667 672 676 682 689 696 703 710 715 716 714 709 704 698 690 682 673 663 655 648 642 638 635 634 633 633 633 633 633 633 633 633 634 634 633
674 675 675 675 676 677 678 679 682 686 692 699 705 708 706 701 695 686 677 668 662 658 656 654 652 651 650 649 648 647 646 645 645 645 645 645 644 644 643 643 643 645 648 651 652 652 653 655 658 660 661 662 663 664 666 669 673 677 682 688 695 701 707 711 710 707 703 698 693 686 679 671 663 655 647 641 637 635 634 633 633 633 633 633 633 633 633 633 634 634
671 671 672 672 672 673 674 675 677 682 688 696 702 705 705 702 697 690 681 673 666 662 659 656 654 652 651 649 648 647 646 645 644 644 644 644 644 643 643 643 643 645 648 651 653 654 654 654 656 658 659 661 662 664 666 669 673 677 682 688 694 700 705 707 705 701 696 692 687 681 675 668 660 653 646 641 637 635 633 633 633 633 633 633 633 633 633 633 633 633
669 668 669 669 669 669 670 671 673 677 683 690 696 700 701 700 697 692 684 677 670 665 662 659 657 655 653 651 649 648 647 647 646 645 645 645 644 643 643 643 643 645 648 651 654 655 655 655 656 657 658 660 662 664 666 669 672 677 682 688 695 701 705 705 701 696 690 685 681 676 670 664 658 651 646 641 637 634 633 633 633 633 633 633 633 633 633 633 633 633
667 666 666 666 666 666 667 668 669 672 677 683 689 693 695 696 695 691 685 678 672 668 664 662 660 657 655 653 651 650 650 650 650 649 648 646 644 643 643 643 643 645 647 651 654 657 657 657 657 658 658 660 662 664 666 669 673 678 684 691 698 704 706 704 699 692 685 679 675 670 666 661 656 650 645 642 638 635 633 633 633 633 633 633 633 633 633 633 633 633
665 665 665 665 665 665 665 665 666 668 671 676 681 685 687 689 690 688 684 678 673 670 667 665 662 660 658 656 654 653 654 655 655 655 653 651 647 645 643 643 643 645 647 651 656 659 660 660 660 660 660 661 662 663 665 668 673 679 685 693 701 706 708 704 698 690 682 676 670 666 662 658 653 648 644 642 639 636 634 633 633 633 633 633 633 633 633 633 633 634
665 665 665 665 665 665 665 664 664 665 667 670 673 677 680 682 684 684 682 678 674 672 670 668 665 663 661 659 657 657 658 660 661 661 660 657 653 649 646 644 644 645 648 652 657 661 662 662 662 662 661 661 662 662 664 667 672 678 685 693 701 706 708 704 698 690 681 674 667 662 659 655 650 646 643 641 639 636 635 634 634 633 633 633 633 633 633 633 634 636
665 665 665 665 665 666 666 665 664 664 664 666 668 670 673 675 678 679 678 676 675 674 673 671 668 665 663 662 660 660 663 665 668 668 667 664 659 654 649 646 644 645 647 652 657 661 662 662 662 663 662 662 662 662 664 667 671 677 684 692 700 705 706 703 697 689 681 673 666 661 657 653 648 645 643 641 638 636 635 635 635 633 633 633 633 633 634 635 636 637
666 666 667 667 668 668 667 666 665 664 663 663 664 666 667 669 672 674 675 674 675 676 676 674 672 669 667 665 663 664 667 671 674 674 673 670 665 658 652 648 645 645 648 652 656 660 662 662 663 664 664 663 663 663 664 666 670 676 683 690 697 703 704 701 695 688 680 673 666 661 656 652 648 646 643 640 637 635 635 635 635 634 633 633 633 634 635 636 637 638
669 669 669 670 671 671 669 667 665 663 663 663 663 663 663 665 668 671 671 672 674 677 678 677 676 673 671 668 666 667 671 675 677 678 677 674 668 661 654 649 646 647 650 653 656 659 661 663 664 664 664 664 665 665 666 666 669 674 680 687 694 700 702 699 693 685 678 671 665 660 655 652 649 647 643 639 636 635 635 636 637 636 635 635 635 635 635 636 637 638
674 672 672 673 674 673 671 668 665 663 663 662 662 661 661 662 665 667 668 670 673 676 678 678 678 677 674 670 668 669 673 676 678 679 678 675 669 661 653 649 647 649 652 655 658 659 662 664 665 665 665 666 667 668 668 668 669 673 678 684 691 696 698 696 689 682 674 667 662 658 654 652 651 648 643 639 635 635 636 638 639 639 638 637 637 636 637 637 638 638
680 677 675 676 678 677 674 671 667 664 663 662 661 660 659 660 661 663 664 667 670 673 676 678 679 678 675 671 670 671 674 676 677 677 676 673 668 659 652 648 648 650 654 657 659 661 663 665 666 667 667 668 670 671 671 670 671 673 677 682 689 694 696 692 686 678 670 663 659 656 654 653 652 649 644 639 636 635 636 639 641 641 640 639 638 638 638 638 638 638
