sampleDEM.asc
ncols         391
nrows         472
xllcorner     271845
yllcorner     3875415
cellsize      30
NODATA_value  -9999
[rows 200 to 239 of 472, columns 180 to 269 of 391]
929 935 942 947 953 960 966 969 967 962 955 947 938 930 924 917 909 899 890 882 876 870 865 863 862 861 860 858 855 850 845 839 833 829 826 821 814 805 795 785 776 767 762 759 757 755 751 749 749 749 747 744 739 735 734 734 733 732 730 727 722 718 715 713 710 707 704 701 698 696 694 694 694 694 693 691 687 683 679 678 678 679 681 680 679 677 675 672 672 674
919 925 930 936 942 950 957 963 964 962 956 948 940 932 926 921 914 906 898 891 885 880 876 874 874 875 874 872 869 865 860 853 847 842 837 830 821 811 800 790 780 772 768 766 766 764 760 756 754 752 748 744 739 737 738 739 739 737 733 729 724 721 719 718 716 713 709 705 702 701 701 702 703 703 703 700 695 690 685 680 678 678 678 676 674 672 670 668 668 671
910 914 919 925 932 941 950 958 962 963 959 953 945 938 933 928 922 915 908 901 896 891 887 886 887 888 888 886 884 881 876 869 862 855 848 839 829 819 808 797 787 779 775 775 775 773 768 764 759 755 751 747 743 741 742 744 744 742 737 731 727 724 724 723 721 718 714 710 708 708 710 711 712 713 712 710 705 699 692 686 682 680 678 675 672 669 667 665 665 667
902 904 908 915 923 933 944 954 961 964 963 958 952 946 941 936 931 925 919 913 907 902 899 899 899 901 901 901 899 897 892 885 877 868 858 848 838 828 817 806 795 787 784 785 785 782 777 771 765 760 756 752 749 747 748 750 750 747 742 736 732 730 729 728 726 724 721 718 716 717 719 721 722 723 722 719 715 709 701 695 690 686 682 679 675 670 666 664 663 663
893 895 899 906 916 927 939 950 958 963 965 963 959 954 950 946 942 936 930 924 919 915 912 911 912 913 915 916 915 913 908 900 891 881 870 859 849 839 828 816 805 798 795 795 794 790 785 778 772 766 762 759 756 753 754 756 756 753 748 743 739 737 735 733 732 731 729 727 726 727 729 731 732 733 733 730 725 719 712 705 699 694 690 686 681 675 669 665 663 662
884 886 891 899 910 922 933 944 952 959 963 965 964 962 960 957 954 949 943 937 932 928 925 923 922 922 921 921 921 920 916 908 900 891 881 871 861 851 840 828 817 810 807 806 804 799 792 786 779 774 770 766 763 761 762 763 763 760 755 751 748 746 742 740 739 739 738 737 737 739 740 742 743 744 744 741 737 730 723 717 710 705 700 695 689 682 676 670 666 663
876 879 886 895 906 917 928 937 945 952 959 964 967 968 969 969 967 963 958 952 946 941 938 934 927 915 905 902 903 905 906 905 902 898 892 884 875 864 853 842 832 825 822 819 815 809 802 795 789 783 779 775 772 770 771 772 771 768 764 760 757 755 751 748 747 748 748 748 749 751 752 754 755 756 755 753 749 743 736 729 723 717 711 704 698 691 684 677 672 668
869 875 883 893 905 916 925 932 938 945 953 960 966 971 975 977 976 972 967 960 954 949 946 941 926 900 879 874 877 883 890 896 900 903 902 897 888 878 868 857 848 842 839 835 829 822 815 807 801 796 791 787 783 781 781 782 782 779 775 772 769 766 762 759 758 758 759 760 762 763 764 766 767 768 767 766 763 758 752 745 738 731 724 717 710 703 695 688 681 676
864 871 881 893 905 915 922 927 931 937 945 953 961 968 974 977 976 972 965 958 952 948 946 942 924 892 871 871 871 875 884 892 900 905 907 905 899 890 881 871 863 858 855 851 844 837 829 822 815 810 804 800 796 793 793 794 794 791 788 784 781 778 775 771 769 769 771 773 774 776 777 778 780 781 782 782 781 778 773 767 760 752 743 734 726 718 710 702 694 687
860 868 880 892 904 912 918 920 923 929 936 945 953 961 968 970 969 963 956 949 943 941 941 938 919 889 871 871 871 876 884 892 899 904 908 908 905 899 891 882 875 871 868 863 857 850 842 835 829 823 817 812 808 805 805 805 805 803 799 796 793 790 787 783 780 779 781 784 786 787 788 790 792 794 796 798 799 798 795 789 781 772 762 751 742 734 726 717 708 700
857 866 878 890 900 908 912 913 915 920 927 936 944 952 957 959 956 950 943 936 932 931 932 929 912 885 871 871 873 880 885 890 895 900 904 906 906 903 898 891 885 881 878 873 868 861 854 847 841 835 830 825 821 817 816 816 815 814 811 808 804 801 798 794 791 789 791 793 795 796 797 799 801 804 807 810 811 811 808 801 793 784 773 763 753 745 737 728 718 709
854 864 875 886 895 901 903 904 905 910 918 926 934 940 944 944 941 935 929 923 920 920 922 919 904 881 871 871 877 882 884 885 888 893 897 901 903 903 901 896 891 887 884 880 875 870 864 857 851 846 841 837 833 830 827 826 825 823 820 816 812 809 808 805 801 799 799 800 801 800 800 802 805 808 812 815 817 817 814 807 800 791 781 771 762 754 745 736 727 717
849 859 870 881 889 893 893 893 894 900 907 915 922 926 929 929 925 920 915 911 909 909 911 909 896 878 871 873 878 881 880 879 880 884 889 893 897 900 899 896 892 888 884 880 877 873 869 864 860 856 852 849 846 841 837 833 830 827 822 818 814 813 813 812 810 806 804 803 801 799 798 799 803 806 810 815 817 817 814 809 803 795 785 776 767 759 751 743 734 724
843 853 863 873 880 883 882 881 883 889 896 904 909 913 914 913 910 905 901 899 898 899 901 899 889 875 871 873 876 876 873 871 871 874 880 885 890 892 893 890 886 882 877 874 872 870 869 866 864 863 861 860 856 851 844 837 831 825 819 814 811 811 813 814 812 808 804 801 797 793 792 793 797 801 806 811 814 813 810 806 801 793 785 776 768 761 755 748 739 730
835 844 854 863 869 871 870 870 873 878 885 891 896 899 900 899 896 892 888 887 888 890 892 890 882 873 870 871 872 869 865 862 862 866 871 877 881 883 883 880 876 871 866 863 863 864 864 864 864 865 867 867 863 856 847 837 828 820 813 807 804 805 808 809 809 805 800 794 789 784 783 785 790 796 802 807 809 807 804 799 794 787 779 771 764 758 754 749 742 735
826 834 843 851 856 858 858 859 862 867 873 878 883 886 887 885 883 879 876 876 879 882 883 882 876 869 866 867 866 862 858 855 855 859 864 869 872 872 871 868 864 859 854 852 853 855 857 858 860 863 866 867 864 856 845 834 823 813 805 799 796 797 799 801 801 798 792 785 779 774 774 777 783 791 797 801 802 799 795 791 785 778 771 763 757 752 749 745 742 737
816 823 831 838 842 844 845 847 850 855 860 865 870 873 874 873 870 867 865 866 869 873 874 873 868 863 861 861 860 855 851 848 849 853 858 862 862 861 859 855 851 846 842 841 843 846 848 850 853 856 860 862 859 851 841 829 817 807 798 791 788 788 790 792 792 789 783 775 768 765 766 771 778 786 792 795 794 790 786 781 775 769 761 755 749 745 741 739 738 735
806 812 819 824 827 829 830 833 837 842 847 852 858 862 863 861 859 856 855 857 860 864 865 864 860 855 854 854 853 848 844 842 843 846 850 853 852 849 846 843 838 833 830 830 833 836 838 840 844 848 852 854 852 845 835 824 812 801 791 784 780 780 782 783 782 779 773 766 759 756 758 764 772 780 786 788 786 781 776 771 765 759 752 746 742 738 734 732 732 730
796 802 807 810 812 813 816 819 824 829 835 841 848 853 853 851 848 846 845 847 851 855 857 856 852 848 846 846 845 841 837 835 836 838 841 842 841 838 834 830 826 821 819 820 824 826 828 830 834 839 843 846 843 837 828 818 806 795 785 777 772 772 773 774 773 770 764 757 751 749 752 758 765 773 780 781 778 772 766 760 755 749 743 739 735 731 728 726 725 724
788 792 795 798 798 799 802 806 811 817 824 832 839 844 844 841 839 836 836 839 843 847 850 849 845 840 838 838 838 835 831 829 828 829 830 830 829 826 822 818 813 809 808 811 814 816 817 819 824 829 834 836 834 828 821 811 801 790 780 771 765 764 764 765 764 762 756 749 744 743 746 751 759 767 773 774 771 764 757 751 745 739 734 731 728 725 722 720 719 717
782 783 785 786 786 787 790 795 800 807 815 824 832 836 836 833 830 828 828 831 835 839 842 842 838 833 830 830 830 828 825 822 820 818 818 818 816 814 811 807 802 799 799 802 804 805 806 808 813 818 823 824 823 818 812 804 796 785 775 765 758 756 756 756 756 754 749 742 738 737 740 745 752 760 766 767 763 756 749 742 736 730 725 723 721 718 716 714 713 711
776 775 775 775 775 776 780 785 791 799 807 816 824 827 827 824 821 820 820 823 827 831 835 835 831 825 821 821 822 822 820 817 813 810 807 806 804 802 800 796 792 790 791 793 794 794 794 797 801 805 810 812 811 807 802 797 790 780 770 760 753 749 748 748 748 746 742 736 732 731 734 740 747 754 759 760 756 749 741 733 727 721 718 716 714 711 709 708 707 705
772 770 768 767 767 769 773 778 785 793 801 809 816 818 817 815 813 812 813 816 819 823 827 827 823 817 813 813 815 816 816 814 810 805 800 796 793 791 790 787 783 781 782 783 783 782 782 785 788 793 797 799 798 795 792 788 782 774 765 756 748 743 741 741 741 739 735 730 726 725 729 735 742 748 752 752 748 741 734 726 720 715 711 709 707 705 703 701 700 698
770 766 764 762 762 764 768 773 780 788 796 803 809 811 809 806 805 804 806 808 812 816 819 820 817 811 807 807 810 813 815 814 809 802 795 789 785 783 782 779 776 774 774 774 773 771 771 773 777 781 785 786 785 783 781 778 773 766 759 751 744 738 734 733 733 731 727 723 720 720 725 731 737 742 745 744 740 734 727 720 714 709 705 702 701 700 698 695 693 692
767 763 760 757 757 759 764 768 775 782 790 797 801 803 801 798 796 796 798 801 804 808 812 813 810 804 801 802 805 810 813 812 808 800 792 784 779 777 775 773 771 770 770 769 766 763 762 765 768 772 774 775 773 771 770 769 765 759 753 746 740 734 729 726 725 724 720 716 714 716 721 727 733 736 738 736 733 727 720 714 708 703 699 697 696 696 694 690 688 687
764 760 756 752 751 753 758 763 769 775 782 788 792 794 792 789 788 788 789 792 796 800 803 803 800 796 794 796 800 806 810 809 805 797 788 780 774 771 769 767 765 765 765 762 758 755 755 757 760 763 764 764 762 760 760 760 757 752 747 741 736 731 725 721 719 717 714 711 710 713 718 724 728 731 731 729 726 721 714 707 701 697 694 693 693 693 691 688 685 683
762 757 752 747 745 747 751 757 762 768 774 779 782 784 783 780 779 779 781 783 787 790 793 793 790 786 786 789 795 802 806 806 801 793 784 775 769 765 763 761 759 759 758 754 750 747 747 749 751 754 754 753 751 749 750 751 749 744 740 735 731 726 721 717 714 712 709 707 707 711 716 720 723 724 724 722 718 713 707 700 695 691 689 689 690 691 689 686 683 681
763 755 748 743 740 741 745 750 754 759 764 768 772 774 773 771 770 770 772 774 778 781 784 783 780 778 779 784 790 797 801 801 797 790 781 772 764 759 756 754 752 752 751 747 743 739 739 740 742 744 744 742 740 739 741 742 741 737 733 729 725 721 717 714 712 709 706 704 704 707 711 715 716 717 715 713 709 704 698 693 688 685 684 684 686 688 687 684 681 679
765 756 748 741 737 736 739 743 747 750 754 757 760 762 762 761 760 761 763 765 769 772 775 774 772 771 774 779 786 791 794 794 792 787 779 770 761 755 750 747 745 745 744 741 737 733 732 732 734 736 735 733 731 730 733 735 734 731 726 722 719 715 712 711 710 709 706 703 701 703 706 708 709 708 707 704 700 695 690 685 682 680 679 679 682 684 683 681 678 677
770 760 751 743 737 734 735 737 739 741 743 745 747 749 749 749 750 752 754 756 759 763 765 765 764 765 769 775 780 784 786 787 787 783 777 768 759 751 745 740 739 739 739 736 732 728 726 726 727 728 728 725 723 723 725 728 728 725 721 717 713 710 708 708 709 709 707 703 699 699 700 701 701 700 697 694 690 686 682 679 677 675 674 675 678 680 680 679 676 674
775 764 755 746 739 734 732 732 732 732 733 734 736 737 738 739 740 742 744 746 749 752 755 755 756 759 764 770 774 776 777 779 780 778 773 765 756 748 740 735 733 734 734 732 729 725 722 721 721 722 721 719 717 717 719 722 722 720 716 712 709 706 704 705 707 708 707 703 698 695 695 694 692 691 688 685 681 678 676 675 674 672 671 672 674 676 677 676 674 672
777 766 757 748 741 734 730 727 726 725 726 727 728 728 729 730 731 733 735 736 738 741 743 745 747 752 758 763 766 767 768 770 772 772 768 762 754 745 738 732 729 729 730 729 726 723 720 718 717 717 716 714 712 712 714 716 717 715 712 708 704 701 700 700 703 705 705 702 697 692 690 687 684 682 680 678 675 673 672 672 672 671 670 670 671 672 673 673 672 670
777 766 757 749 741 734 728 725 724 724 724 724 724 724 724 724 725 726 727 727 728 730 732 735 739 744 750 754 756 757 759 762 765 766 764 759 753 745 738 732 727 726 726 725 723 721 718 716 714 713 712 710 708 707 709 711 711 710 707 704 699 696 694 695 697 699 701 700 695 689 685 681 678 677 675 674 672 671 671 671 671 670 669 669 669 670 670 670 669 668
775 766 757 748 740 733 728 725 724 724 724 725 725 725 724 723 723 723 723 721 721 721 723 726 730 736 741 744 746 747 750 754 757 760 760 758 753 746 739 732 727 724 723 722 720 719 717 715 712 709 708 706 704 703 704 705 704 704 702 699 694 690 688 688 690 692 695 695 691 685 680 676 674 674 674 673 672 671 671 671 672 671 670 669 668 668 668 668 667 666
774 765 756 747 739 733 729 727 726 726 727 729 730 730 728 727 727 726 724 721 718 716 716 717 721 726 732 735 737 739 742 746 751 754 757 757 753 747 740 733 727 723 721 720 718 717 716 713 710 707 704 702 700 699 699 699 698 697 695 692 689 686 683 683 683 685 687 688 685 680 676 673 673 673 673 673 672 671 671 672 672 671 670 669 669 669 668 667 666 665
771 763 754 745 738 733 732 732 732 732 734 736 737 737 736 735 734 733 730 725 720 715 712 712 714 718 723 727 729 731 735 740 745 750 753 753 751 746 740 734 727 722 719 717 715 713 713 712 710 706 702 699 697 695 694 693 691 690 688 686 684 681 680 679 679 680 681 681 679 676 674 673 673 673 673 673 672 672 672 672 672 672 672 672 672 672 671 669 667 665
767 760 751 743 737 735 736 738 739 741 743 744 745 745 745 744 744 742 738 732 725 718 712 709 709 712 715 719 722 725 729 734 740 744 746 747 745 742 739 733 727 721 717 713 711 710 710 710 709 705 701 697 695 692 690 688 686 684 683 681 680 678 677 677 676 676 676 676 675 674 674 674 674 675 676 675 674 674 674 674 674 675 675 676 678 678 676 674 670 667
761 755 748 741 738 738 742 745 748 750 752 753 753 753 754 754 754 752 747 740 731 723 715 710 707 707 709 712 715 718 722 727 732 735 737 737 737 736 735 732 727 721 716 711 708 707 707 707 706 703 699 696 693 691 688 685 682 681 680 679 678 677 676 676 675 675 674 674 674 675 677 679 680 681 681 681 680 679 679 679 679 679 680 682 685 685 684 680 675 671
755 750 745 742 741 744 748 753 757 759 760 760 760 760 762 763 762 760 754 746 737 728 719 712 707 705 705 707 708 711 715 719 723 725 726 727 727 728 728 728 725 721 715 709 705 703 703 703 702 700 697 694 691 689 687 683 681 679 679 678 677 677 677 676 676 675 675 675 677 679 682 686 689 690 690 689 688 687 687 686 685 685 686 689 692 693 692 688 683 677
750 749 747 746 748 752 757 762 766 769 770 770 769 770 772 773 772 768 762 753 743 733 724 716 709 705 705 705 705 706 709 712 715 716 716 717 718 719 721 721 721 719 714 708 703 700 699 699 698 696 694 691 689 687 685 682 680 679 678 678 678 678 679 679 678 677 677 678 681 685 689 694 698 700 701 700 699 697 696 695 693 692 692 695 699 701 701 697 691 685
