sampleDEM.asc
ncols         391
nrows         472
xllcorner     271845
yllcorner     3875415
cellsize      30
NODATA_value  -9999
[rows 40 to 79 of 472, columns 270 to 359 of 391]
648 650 652 654 655 656 656 656 658 660 661 661 658 653 649 646 645 646 647 649 650 651 652 653 655 658 661 662 663 663 662 661 659 658 658 657 653 649 646 646 648 651 653 653 652 651 649 646 644 643 643 644 646 649 652 656 659 661 663 664 665 666 668 670 672 672 670 667 662 658 655 653 652 654 657 659 661 662 662 660 658 654 652 651 653 655 659 663 666 668
644 646 648 650 652 653 653 654 656 658 660 660 658 654 650 647 645 645 645 646 648 650 651 653 655 658 660 661 662 662 661 659 657 656 656 655 653 649 646 645 647 649 651 651 650 649 647 645 643 643 643 645 646 649 652 656 660 663 665 667 668 668 668 670 671 671 669 665 661 657 655 653 652 653 656 658 659 660 659 657 655 651 649 649 651 654 658 662 664 665
643 644 646 647 648 650 651 653 655 657 659 659 657 654 650 647 645 644 644 645 647 649 650 651 653 655 657 658 659 659 658 656 654 654 654 654 652 649 646 644 645 646 648 649 648 647 645 644 642 642 643 645 646 648 652 655 659 662 665 668 669 668 667 667 669 669 667 663 659 655 653 651 651 653 654 656 658 659 657 655 652 649 647 647 649 653 657 661 662 662
643 643 644 645 646 648 650 651 653 655 657 656 655 652 649 646 644 644 645 646 647 648 649 649 650 652 653 654 655 655 654 653 652 652 652 652 651 649 646 644 643 644 645 646 646 645 644 643 642 642 643 645 647 649 652 655 658 662 665 667 668 667 665 664 666 666 664 660 656 652 649 648 648 650 652 655 657 658 657 654 650 647 646 647 650 654 657 660 661 660
644 643 643 644 645 646 648 649 651 653 654 653 651 649 646 644 643 643 645 646 647 647 648 648 648 648 649 650 651 651 651 650 649 649 650 650 649 647 645 643 642 642 643 644 644 643 642 642 641 641 643 645 648 651 654 657 659 662 664 666 667 666 663 662 663 663 662 658 654 649 646 645 645 647 651 655 657 657 656 654 649 646 645 647 651 655 658 659 659 657
646 644 642 642 643 644 645 646 648 650 650 649 647 645 643 642 641 642 644 646 647 647 647 646 646 646 646 647 648 649 649 648 647 647 647 647 647 646 644 642 641 641 642 643 643 642 641 640 639 640 643 646 650 654 658 660 662 663 664 666 667 665 662 660 660 661 661 658 653 648 645 643 643 646 650 654 656 656 655 652 648 645 644 647 651 655 658 658 657 654
650 647 644 642 642 642 642 643 645 646 646 645 644 642 641 640 641 641 643 645 646 647 646 646 646 646 646 646 647 647 647 646 645 644 644 645 645 644 643 641 640 640 641 642 642 641 640 639 639 640 644 648 653 658 662 664 664 664 665 666 667 665 662 659 658 659 659 657 652 647 644 643 643 645 649 653 655 655 653 650 646 643 644 647 651 655 657 657 654 651
655 652 649 646 644 642 642 642 643 643 643 642 641 641 640 640 640 641 642 643 645 646 646 646 646 646 646 646 646 646 646 645 643 642 642 642 643 642 641 640 639 639 639 640 640 640 639 639 639 641 645 650 656 661 664 665 665 664 664 665 666 665 661 657 655 656 657 655 651 646 643 643 644 646 648 651 653 652 650 647 644 642 643 646 651 654 656 655 652 650
661 659 655 651 648 645 643 642 642 641 641 640 640 640 639 639 639 639 640 641 643 645 646 646 646 646 646 646 646 646 645 643 642 641 640 640 640 640 639 638 638 638 638 638 638 639 639 639 639 641 645 651 657 661 664 664 663 662 662 662 663 662 659 655 653 654 655 653 649 645 643 643 645 645 646 648 649 648 646 643 641 640 642 645 650 653 655 654 651 649
666 664 661 656 652 649 646 644 643 642 641 640 640 639 639 638 638 638 638 639 641 643 644 644 644 644 644 644 644 644 643 642 640 639 639 639 639 638 637 637 638 638 637 637 638 638 639 639 639 640 645 650 656 659 661 660 659 658 658 659 659 658 656 652 650 651 651 650 648 644 642 642 643 643 643 644 644 643 642 640 639 638 640 643 648 652 653 652 649 648
670 669 665 661 657 653 651 649 647 645 643 642 641 640 639 638 637 637 637 637 639 641 642 642 642 642 642 642 642 642 642 640 638 637 638 638 637 636 636 636 637 637 637 637 637 637 638 638 638 639 643 648 652 655 656 655 654 654 655 655 655 654 652 649 647 647 647 647 645 642 639 639 640 640 640 640 640 639 639 638 636 635 637 641 646 650 651 649 646 646
674 672 669 665 661 658 656 655 653 651 648 646 644 642 640 639 638 637 637 637 637 639 640 640 640 641 641 640 640 640 640 638 636 636 637 637 636 635 635 635 636 636 636 636 636 636 636 636 637 638 640 643 647 649 650 650 649 649 650 651 650 649 648 645 643 642 643 643 641 638 635 635 636 637 637 637 636 636 636 636 634 633 634 638 643 647 647 645 644 645
678 676 673 669 666 664 663 662 660 658 655 651 648 645 642 640 639 638 637 637 637 638 639 639 639 639 639 638 638 638 638 636 635 635 636 636 635 635 634 634 634 634 635 635 635 635 635 636 636 636 637 638 641 643 644 644 644 644 645 646 645 645 644 641 639 638 638 638 637 635 633 633 633 633 634 634 634 634 635 634 633 633 633 634 639 642 643 642 642 644
682 679 676 672 669 669 670 670 668 665 661 656 651 647 643 641 639 638 637 637 637 638 639 639 638 637 636 636 636 636 636 635 635 635 635 635 634 634 634 634 634 634 633 634 634 635 635 635 635 634 634 634 636 638 639 639 640 640 641 642 641 641 640 637 635 633 633 633 633 633 633 633 633 633 633 633 633 633 633 633 633 633 633 633 634 637 638 639 641 644
686 682 678 675 673 674 676 676 675 671 665 659 652 647 643 640 639 637 637 637 637 637 638 638 637 637 636 635 635 635 635 635 635 635 634 633 633 633 633 634 634 633 633 633 633 633 634 634 633 633 633 633 633 634 635 636 637 639 640 639 638 637 636 634 633 633 633 633 633 633 633 633 633 633 633 633 633 633 633 633 633 633 633 633 633 633 635 637 639 642
687 683 679 676 676 677 679 679 677 671 665 658 651 645 641 639 637 637 637 637 637 637 637 637 637 637 637 635 634 634 634 634 634 633 633 633 633 633 633 633 633 633 633 633 633 633 633 633 633 633 633 633 633 633 633 634 636 638 639 637 635 634 633 633 633 633 633 633 633 633 633 633 633 633 633 633 633 633 633 633 633 633 633 633 633 633 633 633 636 638
684 681 678 676 676 676 677 677 673 667 660 653 647 642 639 638 637 637 637 637 637 637 637 637 637 637 636 635 634 634 634 634 634 633 633 633 633 633 633 633 633 633 633 633 633 633 633 633 633 633 633 633 633 633 633 633 635 637 637 635 633 633 633 633 633 633 633 633 635 638 639 636 633 633 633 633 633 633 633 633 633 633 633 633 633 633 633 633 633 633
679 677 676 674 673 672 672 671 667 661 655 648 643 640 638 637 637 637 637 637 637 637 637 637 637 636 635 634 634 634 635 635 635 634 633 633 633 633 633 633 633 633 633 633 633 633 633 633 633 634 636 635 633 633 633 633 633 634 634 633 633 633 633 633 633 633 634 639 644 648 648 643 638 633 633 633 633 633 633 633 633 633 633 633 633 633 633 633 633 633
674 672 671 670 668 666 665 663 660 655 649 644 640 638 637 637 637 638 638 637 637 637 637 637 636 636 635 634 635 635 635 636 635 635 634 634 634 633 633 633 633 633 633 633 633 633 633 633 635 639 642 641 637 633 633 633 633 633 633 633 633 633 633 633 633 636 641 648 655 657 656 650 643 636 633 633 633 633 633 633 633 633 633 633 633 633 633 633 633 633
668 666 665 663 661 659 658 656 653 649 645 641 639 638 638 639 640 641 640 639 637 637 637 636 636 636 636 635 635 635 635 635 635 634 634 634 633 633 633 633 633 633 633 633 633 633 633 636 641 646 649 648 643 637 633 633 633 633 633 633 633 633 633 634 639 644 650 658 664 666 664 658 649 640 634 633 633 633 633 633 633 633 633 633 633 633 633 633 633 633
661 660 658 656 654 653 652 650 648 645 642 641 640 639 640 642 643 644 643 642 640 639 637 636 636 637 636 636 636 636 635 634 634 633 633 633 633 633 633 633 633 633 633 633 633 633 636 641 647 652 656 655 650 643 637 633 633 633 633 633 633 633 636 641 646 652 659 667 673 674 672 665 655 646 638 633 633 633 633 633 633 633 633 634 634 633 633 633 633 633
655 654 652 650 648 647 647 646 645 643 643 643 643 642 643 645 646 646 646 645 644 641 639 637 637 637 637 637 637 637 636 635 634 633 633 633 633 633 633 633 633 633 633 633 633 636 639 644 650 656 660 659 655 648 641 636 633 633 633 633 633 636 641 646 652 659 667 674 680 682 679 671 662 652 644 637 633 633 633 633 633 633 636 637 637 635 633 633 633 634
651 649 647 646 645 644 644 644 644 644 645 646 646 646 646 648 649 649 649 649 647 644 641 639 638 638 639 640 641 640 639 638 636 634 633 633 633 633 634 635 636 636 635 635 636 639 642 646 651 657 661 662 658 651 644 637 633 633 633 634 637 640 644 650 657 665 673 680 686 688 685 678 669 660 651 643 637 633 633 633 633 634 637 639 640 638 636 633 634 636
649 647 645 644 644 644 644 644 645 647 648 649 649 649 649 649 651 651 651 651 650 646 643 641 641 641 643 644 645 644 643 642 640 638 637 636 636 637 639 640 641 641 640 639 640 642 644 647 652 657 661 662 658 652 645 638 633 633 633 637 640 643 647 653 660 668 676 684 690 693 691 685 676 667 658 650 643 637 633 633 633 635 638 641 643 642 640 637 636 639
648 646 644 644 644 644 644 646 648 650 651 652 652 651 650 651 652 653 653 653 651 648 645 644 645 646 647 649 649 649 648 647 645 643 642 642 642 642 644 645 646 646 645 644 643 644 645 648 652 657 661 661 657 651 645 639 635 633 635 638 641 645 649 655 661 668 676 684 691 694 694 690 682 673 664 655 648 642 637 634 634 636 640 644 646 645 644 641 639 641
649 647 645 645 645 646 648 649 651 652 654 655 655 653 652 652 653 654 655 654 651 649 648 648 648 649 651 652 653 653 653 652 650 648 647 647 647 648 649 649 650 650 649 648 646 646 647 650 654 658 661 660 657 651 645 639 636 635 636 639 642 646 650 654 660 667 675 682 689 694 696 694 687 679 669 660 653 647 641 637 636 639 643 647 649 649 648 645 643 643
650 649 648 648 649 650 652 653 654 655 657 658 657 656 654 654 655 656 656 655 652 651 651 650 650 651 653 655 656 657 656 655 653 651 651 652 653 653 653 654 654 654 653 651 649 649 650 653 656 659 661 661 657 652 646 640 637 636 638 641 644 647 650 655 660 667 674 682 690 696 699 697 692 683 674 665 658 651 645 640 639 641 645 649 652 653 652 650 647 646
652 653 652 652 653 654 656 657 657 658 660 660 659 658 657 657 657 658 658 656 654 653 653 652 651 652 654 656 658 659 659 657 654 653 654 656 657 657 658 659 660 659 657 654 651 651 652 655 657 660 662 662 658 652 646 640 637 637 640 643 646 649 653 657 663 669 677 685 693 699 701 700 695 687 678 670 662 655 648 643 640 642 646 651 654 656 657 656 652 649
656 657 657 657 658 659 660 661 662 662 663 663 662 661 660 660 661 661 659 657 656 655 655 654 653 654 655 657 659 661 661 658 656 655 657 660 662 663 664 666 667 666 662 657 654 653 654 656 658 661 663 662 658 651 645 640 637 638 641 645 648 652 657 662 667 673 681 690 697 702 703 701 696 689 681 673 665 657 650 644 641 643 648 653 657 660 662 660 656 652
658 660 662 663 665 666 668 668 668 667 668 668 667 666 665 665 666 665 662 660 658 657 657 656 656 655 656 658 661 662 662 660 658 658 661 664 667 669 671 673 674 672 668 663 658 655 655 657 660 662 664 662 658 651 644 639 638 639 642 646 651 656 661 666 671 678 686 695 701 704 704 701 696 689 681 673 665 658 650 644 642 644 649 655 660 663 664 663 658 654
661 664 667 670 672 674 676 676 675 674 674 674 674 673 672 672 671 669 666 663 661 660 660 659 658 658 658 660 662 664 663 661 659 660 663 667 671 674 677 679 680 678 674 668 662 658 657 658 661 664 665 663 658 651 645 640 638 640 644 648 654 659 665 670 676 683 691 699 704 706 705 701 695 688 680 671 664 657 650 645 643 646 651 656 661 664 665 663 659 655
664 668 671 675 678 680 683 684 683 681 680 680 680 679 678 677 676 674 671 668 665 663 662 661 660 660 660 661 664 665 664 662 660 661 664 669 673 677 681 683 684 683 678 672 666 661 660 661 663 665 665 663 658 651 645 641 639 642 647 652 658 663 668 674 680 687 694 701 706 707 706 701 694 686 677 669 661 655 650 646 645 647 652 657 661 663 663 662 659 656
669 672 675 678 682 685 689 691 690 688 686 686 686 684 683 681 680 679 677 674 670 667 665 663 661 660 661 663 666 667 666 664 662 662 665 669 674 678 683 686 686 684 680 674 669 665 663 664 666 667 665 662 657 651 645 641 641 644 649 655 661 666 671 676 682 688 695 702 707 708 706 701 693 685 675 666 659 654 649 646 646 648 652 657 660 661 660 659 657 655
674 676 678 681 685 690 694 697 697 695 694 693 692 690 688 686 684 683 682 679 675 671 668 665 663 662 663 666 669 671 670 667 665 664 666 669 673 678 683 685 686 684 680 676 673 670 668 667 668 668 665 661 656 651 645 642 642 645 650 655 661 667 672 676 681 687 694 701 707 708 705 699 692 683 674 665 658 653 649 647 646 648 651 655 658 658 657 656 654 652
679 681 682 684 689 694 699 703 705 704 702 701 699 697 694 691 689 688 686 683 678 674 671 669 667 667 668 671 675 676 675 672 669 667 667 669 672 676 680 683 683 682 681 678 676 674 672 670 668 667 664 659 655 650 645 642 642 645 649 654 660 665 670 674 680 686 693 700 706 706 703 697 689 681 672 664 657 652 649 648 647 647 649 652 654 654 653 653 651 648
685 687 688 690 695 701 707 711 714 714 713 711 708 705 701 698 695 692 690 686 681 678 675 674 673 674 676 679 682 682 680 677 674 672 669 668 670 673 676 679 680 680 680 679 677 676 674 671 668 664 661 657 652 648 644 642 643 645 649 653 658 663 668 673 678 684 692 699 705 705 701 694 686 678 670 663 657 653 650 649 648 647 648 649 650 650 650 650 648 646
692 693 694 696 702 708 715 720 723 724 724 722 718 713 709 705 701 697 694 690 686 683 681 681 682 683 685 688 690 689 687 683 680 676 672 669 668 669 672 675 676 677 677 676 675 674 672 670 666 661 657 654 649 646 643 643 644 647 651 655 659 663 668 672 677 683 691 699 704 704 700 692 684 675 668 662 657 654 653 651 649 647 646 646 646 646 646 647 647 645
699 700 700 703 708 715 722 728 732 734 734 732 728 722 717 712 708 703 699 696 693 691 689 690 692 694 696 698 699 697 694 690 686 681 675 671 668 667 668 670 672 673 673 672 671 670 669 666 663 658 654 650 646 643 643 643 646 650 654 658 662 666 670 673 677 683 690 698 703 704 700 692 683 674 667 662 658 656 655 654 651 648 645 643 642 642 643 644 645 645
707 706 706 709 715 722 729 736 741 743 744 742 738 732 726 720 715 711 707 703 701 699 698 699 702 704 706 707 707 705 702 697 692 686 680 674 669 665 664 666 667 668 668 667 667 666 664 662 659 655 651 647 644 643 643 644 647 651 656 661 666 670 673 676 680 685 692 699 704 704 700 693 684 675 668 663 660 658 657 656 653 649 646 643 641 640 640 641 642 643
715 714 714 717 723 730 737 744 750 753 754 752 747 741 734 728 723 719 715 712 710 708 707 708 711 713 714 714 714 712 708 703 697 690 683 676 669 664 661 661 663 664 663 663 662 661 659 657 655 652 648 645 643 643 643 645 648 653 658 663 668 673 676 680 684 689 695 701 705 705 701 693 685 677 670 665 662 660 658 657 655 652 648 644 641 640 639 639 639 640
