sampleDEM.asc
ncols         391
nrows         472
xllcorner     271845
yllcorner     3875415
cellsize      30
NODATA_value  -9999
[rows 240 to 279 of 472, columns 90 to 179 of 391]
1254 1246 1239 1234 1231 1229 1226 1222 1217 1210 1203 1195 1187 1180 1174 1167 1159 1150 1141 1131 1119 1106 1091 1075 1058 1042 1027 1014 1002 991 980 969 959 949 940 932 925 920 915 910 904 899 894 890 887 887 887 886 884 881 878 873 867 864 864 866 867 865 860 854 847 839 831 823 815 810 808 807 805 803 801 800 798 795 792 788 784 781 778 773 767 762 757 754 752 750 750 750 750 750
1245 1236 1229 1224 1221 1218 1216 1212 1207 1201 1193 1185 1177 1170 1163 1156 1147 1139 1131 1122 1113 1103 1090 1076 1061 1046 1032 1019 1008 996 985 974 963 952 942 932 923 916 910 904 899 894 889 885 882 879 877 876 874 872 869 865 860 857 858 860 861 859 854 847 839 831 823 815 808 803 800 799 798 795 793 791 789 786 783 779 776 774 771 768 764 761 759 757 755 753 750 750 750 750
1235 1226 1218 1213 1210 1207 1204 1201 1196 1190 1183 1175 1167 1159 1151 1143 1135 1126 1119 1111 1104 1095 1085 1073 1060 1046 1034 1022 1011 1001 990 978 967 956 945 935 925 917 909 902 896 891 886 882 877 873 871 869 868 866 864 860 856 854 854 856 857 853 848 841 833 825 817 810 804 798 795 793 791 788 786 783 780 778 775 772 770 769 768 766 765 764 764 763 761 759 755 751 750 753
1226 1216 1208 1203 1199 1196 1193 1189 1184 1177 1170 1163 1155 1147 1138 1130 1121 1112 1105 1099 1092 1085 1076 1066 1054 1042 1030 1020 1010 1001 992 982 971 960 949 939 929 920 912 904 896 890 885 880 875 872 869 868 867 866 863 860 856 853 852 853 852 848 842 836 829 821 815 810 804 798 794 790 786 783 779 776 774 772 771 769 769 769 769 769 770 771 771 769 767 763 759 755 755 758
1216 1206 1198 1192 1188 1184 1181 1176 1170 1164 1157 1149 1141 1133 1124 1115 1106 1098 1091 1085 1079 1072 1064 1054 1044 1033 1022 1013 1004 997 990 982 972 962 952 942 932 922 914 905 898 891 886 882 878 875 873 872 871 870 868 864 860 855 853 851 849 845 839 834 829 824 820 816 810 803 797 791 786 781 777 774 772 772 771 771 772 774 775 777 778 779 777 774 769 764 759 756 758 762
1207 1196 1188 1182 1177 1172 1168 1163 1156 1149 1143 1136 1127 1118 1110 1101 1093 1085 1078 1071 1064 1058 1050 1042 1032 1022 1012 1003 995 989 984 977 969 961 952 943 933 923 914 906 900 895 891 887 884 881 880 879 879 877 874 870 865 860 857 854 850 845 841 838 835 832 830 826 820 812 804 796 790 784 780 778 777 776 776 777 779 782 784 786 787 786 782 776 769 762 757 756 759 765
1198 1187 1178 1172 1166 1161 1155 1149 1142 1135 1129 1122 1113 1105 1097 1088 1080 1072 1064 1057 1050 1043 1037 1029 1020 1010 1001 993 986 981 976 970 964 957 949 940 930 921 913 907 904 901 898 895 893 890 887 887 887 885 881 877 872 868 864 861 856 852 850 848 847 845 843 839 832 823 813 804 797 791 787 786 786 785 785 785 788 791 794 796 795 792 785 777 769 762 758 758 761 767
1190 1179 1170 1163 1156 1150 1143 1136 1128 1121 1115 1108 1100 1092 1084 1076 1068 1060 1052 1044 1037 1030 1024 1016 1008 999 990 983 977 972 968 963 957 951 943 935 926 919 914 911 910 909 907 905 902 898 895 894 894 892 888 884 879 875 872 870 867 864 863 863 863 861 857 851 843 834 824 815 808 802 798 797 797 797 796 796 798 801 803 804 802 796 788 779 771 766 763 764 768 773
1183 1172 1163 1155 1147 1139 1131 1123 1115 1108 1102 1095 1088 1080 1072 1064 1056 1048 1040 1032 1025 1018 1012 1005 997 989 981 974 969 965 960 955 950 943 936 929 923 919 917 917 919 919 917 915 912 908 904 902 901 898 894 889 884 881 880 880 879 879 879 879 879 876 871 863 854 845 836 828 821 815 811 811 811 810 808 807 807 809 810 809 805 798 790 783 777 773 772 773 777 782
1179 1168 1157 1148 1138 1129 1120 1111 1104 1097 1090 1083 1076 1069 1061 1053 1045 1038 1030 1022 1015 1008 1001 995 988 980 973 967 962 958 953 948 943 937 931 927 924 923 924 926 929 929 928 926 923 918 914 911 908 905 900 894 889 887 887 889 891 893 894 894 893 889 882 874 865 856 849 842 835 829 826 826 826 824 820 816 815 816 815 812 807 800 794 789 785 783 783 784 788 793
1179 1167 1155 1143 1132 1122 1112 1103 1095 1087 1080 1073 1066 1059 1052 1044 1036 1029 1021 1014 1007 1001 994 987 980 973 967 961 956 952 947 943 938 933 930 930 930 931 933 937 940 940 940 938 935 930 925 921 917 912 907 901 896 893 894 898 902 905 907 907 905 900 892 884 875 868 861 856 850 844 841 840 840 837 832 826 823 822 820 815 809 803 800 797 795 793 794 796 800 805
1183 1170 1156 1143 1130 1118 1108 1098 1089 1081 1072 1065 1058 1051 1044 1037 1030 1023 1016 1010 1004 998 991 983 976 970 964 959 954 949 944 940 937 935 934 935 937 940 943 947 950 951 951 950 947 942 937 932 926 920 914 909 904 901 902 907 913 917 919 918 914 908 900 892 885 880 874 869 863 858 854 853 852 848 843 836 831 827 824 819 813 809 807 806 805 804 805 807 811 816
1189 1175 1160 1145 1131 1119 1107 1096 1086 1077 1068 1061 1054 1048 1042 1035 1029 1022 1016 1010 1005 999 992 983 975 969 964 959 953 949 945 943 941 940 941 943 946 950 954 958 961 962 962 961 958 954 948 941 935 928 922 917 913 911 911 916 922 926 928 925 921 914 907 900 895 891 886 881 875 869 865 863 861 856 850 843 837 832 828 823 818 815 814 814 814 814 814 817 821 826
1196 1180 1164 1149 1135 1122 1109 1097 1086 1077 1069 1062 1056 1051 1045 1039 1033 1027 1020 1014 1008 1002 994 985 977 971 965 960 955 952 950 950 950 951 953 954 957 961 965 969 972 973 973 972 969 964 957 949 942 936 930 926 922 920 921 924 928 930 931 929 924 918 912 907 902 898 894 889 882 876 871 867 864 858 852 845 840 836 833 829 824 821 821 822 822 822 822 824 828 833
1202 1185 1169 1153 1139 1125 1112 1100 1089 1079 1072 1068 1063 1059 1054 1048 1041 1034 1027 1020 1013 1006 997 988 980 973 968 963 960 958 959 960 963 966 967 967 969 972 976 980 982 984 985 983 978 972 964 955 947 941 936 933 929 927 928 930 931 931 930 927 923 918 913 908 903 899 894 889 883 877 870 865 861 856 850 846 843 841 839 836 831 829 829 829 829 829 829 831 835 840
1205 1189 1172 1156 1142 1128 1115 1103 1092 1083 1078 1076 1074 1070 1065 1059 1052 1044 1036 1028 1019 1010 1001 991 982 976 971 968 967 967 969 972 977 980 981 980 980 983 987 990 993 994 994 990 983 975 966 957 949 943 938 935 931 930 931 932 931 928 925 922 918 914 909 904 899 894 889 884 878 872 866 861 856 853 850 849 849 849 848 845 841 838 838 838 838 838 840 842 846 851
1203 1187 1172 1156 1142 1129 1116 1105 1095 1089 1086 1086 1086 1083 1077 1070 1062 1054 1044 1035 1025 1015 1004 993 985 979 976 976 976 978 981 985 991 994 994 992 992 994 997 999 1000 999 996 990 982 973 964 956 948 942 936 932 929 929 930 930 927 923 920 916 913 909 905 899 893 887 881 876 871 866 862 858 855 854 854 856 858 858 857 854 851 849 849 849 849 851 854 857 861 866
1197 1182 1167 1153 1140 1127 1115 1106 1099 1096 1097 1098 1098 1095 1089 1080 1071 1061 1051 1040 1029 1017 1006 995 988 984 983 985 987 990 994 999 1004 1007 1006 1004 1003 1004 1005 1005 1004 999 994 986 977 969 960 952 945 939 934 929 926 926 926 925 922 918 914 911 908 905 900 893 886 879 873 869 865 862 861 860 859 859 861 864 866 867 867 864 861 860 860 860 860 862 866 871 875 879
1188 1174 1161 1148 1137 1126 1117 1110 1106 1107 1109 1111 1111 1107 1099 1089 1078 1067 1055 1043 1031 1018 1007 997 991 989 990 994 998 1002 1007 1012 1017 1019 1018 1016 1014 1013 1011 1007 1002 996 989 981 972 964 956 948 942 938 934 929 925 923 922 920 917 913 910 907 904 901 896 890 883 876 870 866 864 863 863 864 865 866 868 871 874 876 877 875 873 872 872 871 871 873 877 882 887 891
1180 1167 1155 1144 1135 1128 1122 1118 1117 1119 1122 1123 1122 1116 1108 1096 1083 1071 1058 1045 1032 1019 1008 999 994 994 997 1002 1008 1014 1019 1024 1029 1032 1031 1028 1025 1021 1015 1007 1000 992 984 976 968 960 953 947 942 938 934 929 925 922 920 918 914 910 906 904 901 899 896 892 886 879 873 869 868 868 869 871 872 873 875 878 882 885 887 886 885 884 883 882 882 884 888 893 897 900
1174 1162 1152 1145 1139 1135 1132 1130 1130 1131 1133 1133 1129 1122 1112 1100 1087 1074 1060 1046 1033 1019 1008 1000 997 998 1003 1009 1017 1024 1030 1036 1041 1045 1044 1041 1036 1029 1020 1010 1000 991 982 974 967 960 954 948 943 938 934 930 926 923 920 918 914 910 905 902 900 900 900 898 893 887 881 878 876 876 876 877 879 880 882 885 889 893 895 896 896 894 893 892 892 895 898 902 905 906
1173 1163 1156 1151 1148 1146 1145 1143 1143 1143 1142 1138 1131 1122 1111 1100 1087 1074 1060 1045 1031 1019 1008 1001 1000 1003 1008 1016 1025 1033 1041 1048 1054 1057 1057 1053 1047 1038 1027 1015 1004 994 985 977 970 963 956 949 943 937 933 931 929 926 924 922 918 913 908 905 904 904 906 905 902 897 892 888 885 884 882 883 885 887 889 892 896 900 904 906 906 903 901 901 902 904 907 909 910 907
1176 1169 1165 1163 1161 1161 1159 1157 1155 1152 1147 1139 1130 1119 1107 1096 1084 1070 1056 1042 1029 1017 1009 1003 1003 1007 1014 1023 1032 1041 1050 1058 1065 1069 1069 1065 1057 1047 1035 1022 1011 1000 991 983 975 967 958 950 943 937 934 933 932 931 930 929 925 919 914 911 911 912 913 913 910 906 901 897 893 890 887 887 890 893 896 899 903 907 912 915 914 911 909 909 911 913 915 915 912 906
1183 1180 1178 1177 1176 1175 1173 1169 1164 1157 1149 1138 1127 1114 1102 1091 1078 1065 1051 1037 1026 1016 1010 1007 1008 1013 1020 1029 1038 1049 1058 1067 1074 1079 1079 1075 1066 1055 1042 1030 1018 1008 998 989 980 971 961 952 945 940 938 938 937 938 938 937 933 927 923 920 920 920 920 920 917 912 907 903 898 893 890 890 894 899 903 906 910 914 919 922 921 919 917 918 919 920 920 917 911 901
1193 1192 1192 1191 1190 1188 1185 1179 1171 1161 1150 1137 1124 1110 1098 1086 1073 1059 1046 1034 1024 1017 1013 1011 1013 1018 1026 1035 1045 1055 1066 1075 1083 1088 1088 1082 1073 1062 1049 1037 1026 1016 1006 996 986 976 966 958 951 946 944 943 943 945 946 945 941 936 932 930 929 928 927 925 921 916 911 905 899 894 892 894 898 904 909 913 916 919 924 927 927 925 924 925 926 925 922 916 907 894
1205 1205 1204 1203 1202 1200 1196 1189 1178 1165 1151 1137 1122 1108 1095 1082 1069 1056 1044 1034 1026 1020 1017 1016 1018 1024 1032 1041 1051 1062 1073 1083 1091 1095 1095 1089 1080 1068 1056 1044 1034 1024 1014 1004 993 983 973 964 958 954 951 950 950 952 953 952 949 945 941 939 937 935 933 929 924 919 913 906 899 895 895 899 904 909 913 916 918 921 925 928 929 929 930 930 929 927 921 912 899 885
1216 1216 1214 1212 1211 1210 1207 1199 1187 1171 1155 1139 1122 1107 1093 1080 1068 1057 1046 1037 1030 1024 1021 1021 1023 1029 1037 1047 1058 1069 1080 1090 1098 1102 1101 1095 1085 1074 1063 1052 1042 1032 1022 1012 1001 990 980 972 966 962 960 958 957 959 960 960 957 953 949 947 944 941 938 933 926 920 913 906 900 898 900 904 909 912 914 915 917 920 924 928 930 931 932 931 929 924 916 904 890 875
1227 1224 1220 1217 1215 1214 1211 1202 1189 1172 1156 1139 1122 1106 1092 1081 1070 1061 1051 1042 1034 1028 1025 1025 1028 1034 1043 1053 1064 1076 1086 1096 1104 1108 1105 1098 1089 1079 1068 1058 1048 1039 1030 1020 1009 998 989 981 975 971 968 966 965 966 967 966 963 959 955 952 948 944 939 932 925 917 910 904 901 901 905 908 911 912 912 913 915 919 924 929 931 931 930 928 924 918 907 894 880 865
1237 1231 1222 1214 1208 1202 1195 1186 1174 1160 1145 1131 1117 1104 1092 1083 1075 1066 1057 1048 1039 1032 1030 1031 1035 1041 1050 1060 1071 1082 1092 1101 1108 1109 1105 1097 1088 1079 1069 1059 1051 1043 1036 1027 1016 1006 996 989 983 979 976 973 971 970 970 969 966 961 957 952 947 942 935 928 920 912 906 901 901 902 905 908 910 911 911 914 917 921 926 930 931 929 926 923 918 909 897 883 869 855
1246 1235 1222 1209 1196 1185 1174 1163 1153 1142 1132 1121 1111 1101 1093 1087 1081 1073 1064 1054 1044 1038 1036 1039 1044 1051 1060 1070 1080 1089 1098 1105 1108 1106 1099 1091 1081 1073 1064 1055 1048 1042 1036 1029 1019 1010 1002 995 989 985 980 975 972 969 967 965 963 958 953 948 943 937 929 922 914 907 902 901 901 901 904 906 907 909 911 915 920 925 929 931 929 926 922 917 910 900 887 873 859 846
1255 1241 1225 1209 1193 1179 1166 1154 1144 1136 1127 1118 1109 1102 1097 1093 1088 1080 1070 1059 1050 1045 1044 1048 1053 1061 1070 1079 1088 1097 1104 1107 1105 1099 1091 1081 1071 1062 1054 1046 1040 1036 1031 1025 1018 1011 1004 997 991 985 979 973 967 963 960 958 955 951 946 942 936 930 923 915 908 902 901 901 901 902 903 904 905 907 911 916 921 926 930 930 928 924 919 912 904 892 878 863 849 837
1262 1247 1230 1212 1195 1180 1167 1155 1145 1136 1128 1119 1112 1106 1103 1101 1095 1087 1076 1066 1057 1052 1053 1057 1063 1071 1079 1088 1097 1104 1108 1107 1101 1092 1082 1071 1061 1051 1042 1035 1030 1026 1022 1018 1013 1007 1001 994 987 981 974 967 961 956 952 948 945 941 938 934 929 923 917 910 905 902 902 903 905 906 906 905 906 909 912 917 922 927 931 931 928 924 918 909 898 885 870 855 841 829
1269 1253 1236 1218 1201 1185 1171 1160 1150 1141 1132 1124 1118 1115 1113 1109 1103 1094 1084 1074 1065 1061 1063 1068 1074 1081 1089 1097 1104 1109 1110 1105 1097 1086 1074 1062 1051 1040 1031 1023 1018 1014 1011 1008 1004 999 994 987 980 974 967 961 955 949 944 939 936 933 930 927 922 917 913 908 905 904 905 908 910 910 910 910 911 913 917 921 925 930 933 932 928 923 915 905 892 878 863 848 835 824
1277 1260 1243 1225 1208 1192 1178 1166 1156 1146 1137 1130 1126 1125 1123 1118 1110 1101 1091 1081 1074 1071 1073 1078 1084 1091 1099 1106 1111 1112 1109 1102 1092 1080 1066 1054 1042 1031 1021 1013 1007 1003 1000 998 995 990 985 979 972 966 960 954 949 943 938 933 930 927 924 921 917 913 910 909 908 909 910 912 914 914 915 916 917 920 923 926 930 933 933 931 925 918 909 897 884 870 856 843 831 821
1286 1268 1251 1233 1216 1200 1186 1173 1161 1151 1143 1138 1136 1135 1132 1126 1117 1107 1097 1088 1082 1079 1082 1087 1094 1101 1108 1112 1114 1112 1107 1099 1088 1075 1062 1048 1036 1024 1013 1005 998 994 991 988 985 981 975 969 963 957 951 946 942 938 934 930 927 924 920 916 913 911 910 911 913 914 915 917 918 917 918 920 923 927 931 933 934 933 930 924 917 909 898 886 873 861 848 837 827 820
1296 1278 1260 1243 1226 1209 1194 1180 1168 1157 1150 1146 1146 1144 1139 1131 1120 1110 1100 1092 1087 1087 1090 1096 1103 1109 1114 1115 1113 1109 1103 1095 1084 1072 1060 1046 1034 1022 1010 1001 994 989 985 981 977 972 966 960 954 948 943 938 935 933 930 928 925 921 917 914 912 912 913 915 917 919 920 922 922 921 921 924 929 933 937 938 936 931 924 915 906 896 885 873 861 850 840 832 826 822
1306 1288 1270 1253 1235 1218 1202 1188 1175 1164 1157 1155 1154 1151 1144 1133 1121 1109 1100 1093 1091 1093 1098 1104 1111 1114 1115 1113 1109 1103 1097 1089 1079 1068 1057 1045 1034 1023 1012 1002 994 988 982 977 971 965 959 953 947 941 936 932 929 928 927 926 923 919 916 914 915 916 918 919 922 923 924 926 927 927 927 930 934 938 940 938 933 925 915 905 894 883 872 861 851 842 836 832 829 829
1317 1299 1280 1262 1244 1227 1210 1195 1181 1171 1165 1162 1160 1155 1145 1133 1120 1108 1099 1094 1095 1099 1105 1111 1115 1114 1111 1107 1101 1095 1088 1080 1072 1062 1052 1042 1032 1023 1014 1005 997 990 983 975 968 961 954 947 941 936 931 928 926 926 925 924 921 918 917 917 919 921 922 924 925 927 929 931 933 934 934 936 939 940 939 935 928 918 907 895 883 872 862 853 846 840 838 837 837 838
1329 1310 1290 1271 1253 1234 1217 1201 1188 1178 1172 1169 1164 1157 1146 1133 1120 1108 1100 1097 1099 1105 1110 1114 1114 1111 1106 1099 1092 1085 1079 1072 1064 1055 1046 1037 1028 1021 1014 1007 1000 992 985 976 968 960 952 945 939 933 929 926 925 925 924 922 920 920 921 922 924 926 928 929 930 933 935 937 939 941 942 943 943 941 937 931 922 911 899 886 875 865 858 852 847 845 845 846 847 850
1339 1320 1299 1279 1260 1241 1223 1208 1195 1185 1178 1173 1166 1156 1145 1132 1120 1109 1102 1101 1104 1109 1113 1113 1110 1105 1099 1091 1083 1076 1069 1063 1056 1048 1039 1031 1023 1016 1011 1006 1001 994 986 978 969 960 951 944 937 933 929 926 924 923 923 922 922 924 926 928 929 931 933 935 937 940 942 944 946 948 949 948 945 940 934 926 916 905 893 881 871 865 861 858 855 854 855 857 859 861
